818
462
616
772
635
535
962
136
449
861
866
257
914
675
626
757
215
348
909
150
692
53
784
472
419
927
472
795
70
184
955
845
226
113
356
392
52
752
571
167
610
15
280
884
634
566
638
890
484
892
611
41
438
826
40
772
631
841
935
237
174
389
540
852
506
225
358
708
655
667
10
618
758
613
295
788
425
851
166
106
361
39
439
504
489
226
971
734
813
589
587
625
192
622
758
529
230
999
538
677
212
475
82
873
381
138
829
361
48
110
626
490
928
563
1000
21
905
327
531
766
871
605
293
554
842
346
177
305
250
797
828
523
939
893
820
854
969
79
90
445
849
355
196
511
444
283
297
726
467
882
826
821
499
843
765
273
177
345
465
789
248
660
866
347
101
786
728
199
368
919
584
475
254
176
175
855
746
166
523
534
559
67
205
150
179
794
163
71
765
312
745
405
711
152
214
217
459
662
300
392
194
401
568
142
412
405
218
197
919
56
44
101
506
761
866
622
72
583
494
114
993
691
965
577
170
761
1
126
716
448
730
368
597
449
858
833
909
2
598
623
349
259
977
880
73
962
879
272
385
728
639
269
770
18
141
328
286
429
344
273
397
989
983
895
123
331
131
406
272
596
359
970
541
142
105
417
470
477
652
179
55
136
700
18
218
656
775
222
931
122
220
766
837
422
546
340
77
836
298
871
807
238
349
958
608
52
475
720
180
459
346
529
157
603
524
42
120
260
86
294
940
641
71
478
335
985
564
229
825
340
137
606
108
229
473
879
575
858
41
725
439
610
668
771
342
968
942
904
587
441
896
392
304
771
152
391
152
25
448
326
497
746
234
362
775
737
125
749
598
518
985
436
963
963
528
422
357
157
948
47
724
368
344
462
783
661
871
154
34
463
774
768
441
623
877
726
751
884
89
737
982
426
482
106
765
449
706
162
337
8
647
284
482
769
231
855
993
613
976
9
171
817
16
515
960
131
400
476
170
451
152
769
910
759
925
257
463
963
526
743
247
414
688
127
629
600
217
106
577
519
857
388
150
238
882
945
321
762
594
826
788
754
600
245
282
954
268
317
514
677
424
813
491
769
661
688
361
321
442
974
118
861
530
38
891
657
856
14
9
628
807
400
885
851
347
535
384
910
736
720
998
532
729
286
444
75
243
757
53
139
594
65
33
643
155
650
494
534
499
936
483
314
18
966
603
5
183
231
288
687
328
206
278
667
666
414
646
610
33
478
192
191
740
729
686
673
634
472
101
475
666
408
211
458
92
720
414
776
405
460
401
44
478
201
733
239
853
617
639
213
866
814
304
683
500
637
639
748
496
597
486
711
561
600
51
368
538
363
439
332
471
933
412
555
798
155
327
986
686
825
848
951
867
729
385
263
239
32
380
400
946
93
901
259
288
480
698
193
377
904
338
131
907
531
374
284
54
569
545
786
858
712
404
898
477
953
423
20
397
808
856
213
519
651
784
979
589
173
880
80
983
435
173
944
565
429
343
479
803
618
797
129
191
916
336
863
635
257
376
608
650
913
943
448
921
75
100
179
836
245
423
648
545
781
307
470
330
826
409
977
308
618
419
880
323
512
474
858
480
890
402
491
984
277
839
742
726
650
482
588
89
924
166
912
665
456
639
54
43
472
742
881
749
90
507
523
435
827
701
819
497
808
781
294
742
980
231
731
477
554
525
469
750
675
609
717
513
250
795
858
368
461
811
376
37
448
593
906
56
526
866
753
338
837
670
282
49
509
610
939
383
168
684
199
977
438
217
324
577
59
728
249
16
164
364
189
528
647
463
771
3
96
171
343
399
608
376
509
905
375
171
628
16
536
427
717
981
652
448
139
333
187
359
172
227
909
396
786
248
736
536
409
377
867
213
427
68
723
37
595
665
998
937
711
414
964
164
814
136
626
931
1000
957
417
839
270
737
644
294
338
279
650
500
195
268
891
753
417
299
377
987
892
820
240
93
162
63
6
209
189
652
756
983
692
852
968
477
688
181
811
188
521
801
303
46
65
888
780
992
413
644
249
725
203
487
382
606
492
865
119
876
210
475
108
864
31
683
802
219
414
727
290
358
353
748
346
25
307
135
33
871
369
906
192
845
942
867
716
565
707
369
618
40
25
780
311
551
264
189
723
555
938
591
870
704
611
978
697
44
546
223
859
41
899
105
926
382
460
127
672
165
565
360
880
718
184
832
863
67
132
821
968
165
929
287
510
792
926
653
541
971
502
330
713
168
250
939
425
393
562
564
906
359
574
660
241
581
252
11
95
470
495
110
533
53
167
23
364
294
77
782
660
483
33
203
972
76
492
996
745
974
405
478
181
294
448
787
495
496
157
278
528
650
967
791
556
97
228
781
238
797
385
718
137
833
353
233
611
705
21
597
393
15
930
248
614
177
869
835
153
158
274
634
696
632
850
931
937
930
371
417
56
196
604
47
297
973
719
423
150
190
213
893
974
662
154
713
461
791
409
498
416
985
310
743
452
481
201
613
815
321
880
482
633
234
134
533
719
620
350
617
124
799
687
832
307
134
485
409
788
614
224
899
685
503
438
130
401
818
103
355
21
384
160
799
279
569
934
523
718
608
290
285
396
885
855
423
286
813
883
992
900
156
885
139
294
435
491
332
18
216
792
474
521
309
690
995
346
49
298
730
722
942
756
617
125
239
283
374
10
536
870
934
715
976
265
687
545
488
807
811
800
843
904
201
328
300
188
13
846
74
160
794
100
122
277
770
328
283
580
486
949
551
555
74
779
915
357
164
622
267
605
680
621
950
2
341
684
49
71
514
782
696
270
945
219
567
692
682
522
23
313
739
411
676
758
786
940
211
216
242
510
144
466
638
798
448
35
407
972
128
122
162
324
555
931
928
21
274
262
315
730
238
114
823
947
428
555
712
521
234
150
433
69
621
767
730
557
607
846
522
128
446
177
39
444
944
203
335
306
620
774
171
861
998
901
68
22
732
970
949
239
67
562
803
467
507
352
694
570
406
184
84
539
127
215
407
954
145
167
538
492
82
194
751
271
397
596
320
356
87
581
566
642
664
827
34
694
338
977
190
444
376
743
93
392
215
236
440
45
538
647
909
953
194
733
715
323
575
75
977
822
971
719
414
359
360
709
169
129
887
75
242
630
33
301
945
366
113
410
628
19
469
369
649
329
137
626
238
873
384
651
260
278
733
824
163
313
240
780
629
659
326
105
509
933
690
211
106
989
74
710
473
243
51
710
728
541
327
677
880
692
394
950
949
301
522
627
366
850
47
515
414
837
561
463
4
363
945
890
419
323
824
474
241
180
458
241
195
549
872
251
895
820
146
347
801
424
582
484
737
220
735
809
507
503
291
950
345
411
294
988
706
463
213
973
680
145
466
247
668
711
638
65
41
667
385
506
727
185
34
737
894
48
58
770
800
808
443
45
586
994
299
504
548
633
914
726
206
673
619
896
257
402
656
335
528
423
979
916
340
930
489
472
442
35
703
771
726
238
658
861
960
90
967
22
310
525
626
559
32
626
896
879
902
85
592
848
345
437
215
843
701
231
74
670
547
740
664
933
829
786
406
866
976
342
520
175
803
211
698
611
596
307
287
59
548
486
346
297
379
760
505
813
243
507
938
227
22
479
677
710
560
821
206
972
187
96
253
673
514
793
506
75
14
87
467
955
730
60
329
598
34
293
663
592
585
821
484
911
258
935
308
651
375
117
418
866
529
507
47
979
755
772
155
845
829
274
93
112
397
664
176
151
921
208
953
729
636
996
313
376
892
878
942
66
924
670
540
188
631
711
313
253
93
661
464
321
501
611
405
928
934
333
68
47
130
506
344
407
283
636
719
948
661
943
713
581
616
553
719
400
546
116
508
252
103
593
779
138
549
423
103
705
31
692
892
22
215
228
428
708
436
731
743
537
84
680
553
662
627
762
95
468
139
876
240
398
538
763
963
833
279
440
973
148
167
421
196
94
932
264
957
785
428
789
355
106
542
181
218
832
585
244
948
5
886
42
927
175
799
286
339
346
793
12
251
400
4
302
563
772
99
501
885
565
531
756
705
670
318
593
146
216
282
22
319
689
954
175
439
253
166
509
545
686
897
66
598
9
829
976
255
317
116
276
611
723
196
940
166
367
249
678
300
647
249
78
980
667
229
257
888
525
846
797
788
940
170
102
248
176
945
810
282
505
212
1
859
328
826
506
769
363
508
950
921
323
644
803
32
76
762
664
585
304
405
549
792
293
181
280
281
430
958
246
260
340
772
301
974
359
425
147
578
660
352
950
903
795
997
621
671
302
588
907
205
876
540
795
489
386
909
690
180
437
257
447
129
4
608
452
102
539
491
619
401
500
242
880
233
521
345
677
747
23
466
142
448
905
419
370
56
635
813
763
659
310
580
202
546
494
481
920
468
366
423
613
555
537
538
950
702
632
546
762
688
86
490
705
945
465
432
996
275
933
985
524
896
659
404
83
234
186
187
184
244
908
542
854
46
913
562
204
975
708
314
253
883
639
338
491
650
910
898
856
20
776
276
713
805
163
698
208
485
645
776
972
926
808
799
77
459
88
304
634
259
387
648
250
314
291
241
693
186
607
93
239
169
533
386
976
688
956
764
546
115
485
935
329
809
803
119
662
49
311
838
705
82
92
504
319
811
858
489
614
419
686
658
665
865
412
371
964
607
44
92
322
975
419
697
143
227
305
762
794
39
938
636
367
376
296
968
19
53
939
278
20
192
235
441
22
932
8
124
641
666
134
193
993
26
735
510
962
840
812
784
931
3
165
484
932
946
596
360
911
620
977
594
719
593
145
537
277
684
435
166
812
264
341
559
967
596
723
171
407
711
594
787
420
683
659
975
88
276
440
426
804
427
651
494
228
413
642
679
333
795
25
46
179
748
852
970
129
140
316
563
954
585
607
76
743
129
597
179
928
302
583
601
686
17
352
506
522
371
673
681
176
870
380
586
633
398
598
950
226
243
714
29
577
181
867
92
164
21
738
86
407
876
818
496
352
1000
45
526
355
658
657
659
208
475
211
522
510
84
202
515
853
992
270
363
480
64
231
184
869
632
548
267
627
944
999
378
459
331
514
412
650
905
821
989
735
690
830
101
751
878
716
123
985
734
48
583
726
256
314
660
864
49
55
463
990
219
764
663
304
652
11
373
195
302
471
241
980
865
874
947
32
113
491
461
799
449
210
210
781
488
757
206
493
1000
835
839
512
368
510
753
19
730
209
159
698
305
250
219
30
186
230
23
409
178
2
180
23
246
203
666
10
299
327
260
737
359
614
92
811
481
572
776
765
197
129
788
587
604
72
614
829
177
373
946
965
572
607
521
401
616
936
335
402
136
725
788
293
693
440
363
826
346
337
706
45
719
687
807
307
950
927
12
99
574
737
669
91
904
862
229
975
2
207
62
34
349
811
869
104
688
828
68
748
705
811
937
53
205
767
430
679
554
888
965
157
773
602
128
911
252
390
474
414
197
704
262
589
551
598
692
60
150
952
961
957
638
359
366
80
807
842
165
872
38
26
551
982
911
734
78
897
295
113
410
247
592
910
8
383
738
190
815
581
984
870
28
623
667
648
567
132
202
914
27
167
984
108
395
378
796
926
209
549
656
287
198
142
938
912
654
205
727
666
60
548
505
876
724
137
24
446
83
722
874
502
156
175
746
270
565
695
592
178
692
358
693
549
235
408
801
349
129
152
647
258
101
488
110
447
293
395
173
797
714
639
201
236
873
852
914
417
566
221
493
476
363
373
53
786
393
428
429
933
626
146
167
226
929
761
934
175
536
853
935
412
45
522
440
596
86
704
327
291
313
926
688
217
541
370
927
970
949
944
803
219
972
513
503
9
104
53
804
689
823
325
424
979
942
403
280
252
421
5
905
63
113
687
204
731
525
287
849
340
711
456
837
911
67
150
770
14
609
841
658
187
359
738
706
118
131
19
419
601
472
453
923
36
619
272
174
850
622
48
522
777
129
935
364
103
493
431
772
1
413
451
745
234
167
192
719
358
69
486
485
596
459
305
234
344
966
899
406
694
414
403
422
207
155
854
474
809
893
723
738
656
668
341
155
280
802
758
434
341
874
839
557
329
374
631
70
716
664
648
709
410
248
7
877
106
826
766
63
768
630
36
477
116
328
736
251
466
352
975
692
361
459
436
551
865
590
809
514
960
897
510
501
8
458
227
888
685
70
738
197
547
866
132
868
102
673
51
686
618
570
690
507
279
680
415
123
824
530
987
430
589
194
59
99
923
981
559
610
255
479
681
892
867
9
972
829
894
696
179
693
663
11
447
255
964
992
38
108
913
734
266
61
93
747
479
90
171
795
92
319
10
864
776
514
768
518
490
500
584
352
768
268
601
969
752
522
429
408
243
552
877
580
520
134
344
892
22
296
224
254
416
203
503
107
568
272
749
252
828
681
55
609
754
407
823
695
106
209
280
347
503
860
281
192
783
279
273
578
776
174
833
581
827
484
292
478
291
817
970
501
366
499
248
555
573
662
289
304
909
935
396
548
899
290
365
630
876
146
178
40
471
691
721
881
628
241
838
317
200
324
521
690
89
498
223
800
902
211
432
119
726
942
799
58
297
82
798
131
202
216
221
572
110
973
590
422
647
576
57
988
817
397
58
918
884
977
993
442
187
475
277
153
344
738
987
249
830
433
161
853
124
695
620
914
140
11
151
511
206
398
871
548
213
193
712
1
753
360
656
216
124
134
931
521
635
108
463
796
107
718
698
22
394
412
43
662
212
35
532
426
57
969
149
196
687
122
201
339
467
619
9
99
953
111
543
724
172
554
99
482
793
2
663
837
732
794
122
639
979
176
422
35
841
922
575
4
937
389
800
512
148
616
895
704
759
906
27
139
647
550
596
770
239
844
868
461
48
436
248
585
157
682
779
706
46
210
596
518
116
780
521
23
159
126
342
92
984
111
160
779
880
753
641
634
562
205
984
684
979
485
633
524
502
178
111
485
818
612
454
802
222
525
564
985
563
721
238
801
309
374
215
701
399
825
602
615
621
774
253
716
333
497
307
535
58
148
726
133
256
217
860
402
27
716
984
417
316
73
344
866
625
897
861
249
895
886
76
876
136
47
371
151
574
667
965
854
754
838
627
806
656
86
467
730
506
606
844
274
188
997
736
337
742
820
54
301
769
658
210
932
396
962
651
601
79
812
472
374
532
366
57
656
303
366
426
648
576
422
487
450
38
533
728
800
603
903
780
504
780
646
992
270
695
96
745
402
138
331
966
150
649
24
762
146
828
190
364
87
234
720
938
743
987
34
29
845
332
208
496
83
968
144
435
843
806
544
469
576
629
482
278
381
892
783
636
545
807
567
312
105
823
90
462
970
552
325
798
176
655
774
485
558
154
261
512
354
851
25
50
593
168
630
425
728
147
658
187
462
437
686
882
262
405
554
66
20
243
411
18
291
759
496
854
381
17
438
20
895
526
165
520
517
212
471
912
227
552
466
143
120
728
949
13
349
243
946
239
699
670
75
703
8
397
724
781
540
712
53
277
306
15
172
46
717
8
601
445
364
679
978
732
525
592
305
149
258
813
597
918
404
741
825
775
212
946
630
75
993
381
794
843
372
109
858
18
352
634
223
287
787
65
950
215
716
140
864
637
428
580
769
776
500
693
905
720
322
295
60
691
371
622
840
58
894
330
593
743
11
730
992
433
783
569
723
282
610
568
911
401
985
277
34
319
612
70
177
924
339
644
74
487
678
10
627
1
227
636
335
182
679
986
452
256
777
53
443
174
864
823
240
620
439
20
400
699
388
219
31
392
151
230
414
401
107
531
45
910
538
617
865
802
397
441
497
591
651
53
967
61
248
819
18
71
151
147
272
383
487
178
163
655
777
371
883
151
310
590
904
690
871
958
605
294
886
695
820
122
56
68
488
880
571
320
962
650
532
724
6
409
913
523
453
79
308
88
284
865
537
39
550
452
946
312
712
263
460
16
159
215
188
358
685
693
192
36
147
93
577
157
251
348
55
218
383
805
766
798
599
904
731
574
345
199
449
436
93
616
508
46
662
374
592
616
396
948
525
35
110
916
280
588
267
605
711
385
180
201
807
211
285
311
572
846
968
417
284
221
503
557
789
403
504
454
747
69
680
655
571
115
193
897
919
986
920
920
740
407
61
74
567
662
184
816
937
594
690
616
643
778
430
390
273
367
644
266
523
209
725
702
50
229
569
148
849
420
268
643
988
671
415
915
690
788
277
174
159
64
689
413
427
191
401
524
18
214
769
625
261
25
22
319
28
717
181
848
193
348
557
315
780
626
631
987
227
612
57
14
635
744
718
693
456
257
670
191
403
195
887
909
830
217
810
436
259
844
605
982
597
39
101
599
464
685
416
708
816
445
574
481
137
893
147
177
195
99
638
469
623
170
882
40
206
447
472
828
5
547
102
786
641
274
573
152
801
950
973
584
949
569
801
764
900
684
191
88
499
8
477
387
912
196
844
460
139
419
20
236
727
574
295
152
939
533
868
185
226
752
353
184
432
318
653
998
975
545
790
836
824
101
406
128
228
919
851
158
74
814
737
617
721
912
210
438
564
744
281
589
322
787
393
73
89
744
625
699
393
550
552
193
245
765
385
609
116
906
235
199
284
307
664
498
602
845
950
921
363
528
183
186
179
273
60
932
200
651
532
472
201
623
445
585
549
488
171
961
670
268
325
877
826
660
756
417
497
585
921
689
580
853
6
254
942
248
334
431
133
31
773
617
732
935
50
866
162
349
539
915
172
576
405
154
573
398
374
545
601
72
968
852
496
50
685
260
564
317
449
521
949
574
453
936
430
469
889
5
396
394
844
614
313
346
740
93
736
604
278
493
140
924
890
653
236
332
470
292
868
255
245
685
285
451
483
662
667
634
936
205
337
798
641
980
577
918
229
993
220
249
135
134
699
298
740
625
591
347
390
259
569
344
186
130
547
562
177
558
48
959
743
579
822
360
642
500
189
285
200
259
348
530
112
935
393
68
643
543
715
547
624
181
336
797
118
452
836
639
850
934
811
893
368
311
409
932
330
54
739
185
417
187
707
718
859
205
764
575
697
785
634
537
233
881
565
753
714
983
183
982
505
170
259
991
813
982
12
176
717
133
778
961
23
649
226
447
222
704
291
941
524
847
354
401
168
435
609
302
480
453
225
103
965
34
67
416
763
985
925
392
853
382
592
935
257
697
912
922
759
639
200
575
157
438
452
612
796
250
61
260
220
841
196
921
875
12
239
626
474
938
215
488
252
889
171
222
752
695
992
97
435
40
597
999
721
331
599
113
847
97
780
1000
991
191
885
795
848
926
716
537
603
511
404
819
728
136
361
280
81
919
843
683
415
464
575
298
317
704
955
986
560
491
262
201
152
493
985
345
896
58
357
379
268
871
701
971
91
195
882
895
278
556
37
947
534
46
589
874
801
521
764
554
866
723
1000
339
194
581
499
833
107
727
863
361
593
922
409
581
242
817
271
824
220
102
490
755
751
874
90
516
71
397
366
263
670
155
63
208
912
295
972
447
581
516
760
813
868
883
914
269
405
873
693
732
328
867
780
411
21
566
827
634
948
186
61
564
394
389
716
874
888
916
740
486
197
525
616
751
753
148
478
788
787
551
362
864
872
235
41
343
890
258
131
801
206
424
933
991
782
720
405
666
81
977
329
468
244
937
426
56
550
631
141
886
119
184
24
446
679
442
5
566
616
872
626
953
35
303
218
993
42
722
105
811
192
345
200
326
776
853
115
321
623
868
470
564
157
33
890
683
155
811
787
844
927
494
411
144
877
535
701
81
708
309
270
882
632
376
326
775
278
796
130
982
514
43
944
78
906
641
104
845
7
416
480
535
40
168
823
472
986
101
175
796
619
921
401
12
287
138
844
562
487
905
55
289
988
379
284
631
254
50
11
661
344
544
555
850
166
519
149
311
610
968
295
725
943
621
498
207
609
365
673
29
608
617
90
34
790
731
446
389
546
952
103
449
655
692
661
325
457
732
228
648
332
583
920
409
394
150
242
802
313
727
225
355
847
446
454
231
164
575
882
857
538
147
354
168
886
857
985
6
367
436
128
306
301
290
84
71
832
173
431
458
772
414
312
942
719
674
987
26
838
848
723
351
408
178
815
912
55
83
890
389
222
807
375
437
710
742
26
291
20
904
387
4
506
262
308
833
384
190
818
303
743
564
680
438
815
47
169
564
624
409
288
267
957
530
721
313
781
387
175
302
207
678
808
701
26
141
775
555
457
676
438
802
122
403
237
378
342
579
783
842
393
675
579
455
507
408
659
99
1
708
229
457
792
732
898
361
190
281
964
437
527
233
41
227
304
476
146
68
411
313
621
836
845
857
291
238
687
732
842
43
25
440
940
344
883
553
50
135
206
715
980
486
130
667
279
54
489
899
582
80
21
774
813
859
692
351
786
947
575
837
453
561
290
738
538
187
717
969
380
438
852
623
619
685
201
404
247
35
942
559
150
630
716
188
340
960
884
250
167
585
301
666
248
893
185
280
213
572
686
420
721
444
990
537
874
907
849
381
357
230
243
633
140
909
230
562
92
494
745
550
949
112
850
248
4
580
363
869
786
679
516
865
976
744
776
463
921
821
136
261
593
651
83
146
828
60
55
359
99
221
638
265
568
848
836
603
317
322
879
484
633
310
10
646
427
671
794
843
963
39
925
312
969
577
469
338
902
19
684
7
421
36
977
197
138
945
307
830
558
490
810
967
186
660
304
728
123
476
663
274
896
309
562
833
898
483
176
638
73
385
230
648
738
923
240
377
156
39
530
225
814
117
449
662
35
618
345
870
213
287
422
677
71
250
783
497
262
105
329
418
775
928
703
956
721
527
496
310
410
78
702
525
876
681
22
750
750
367
60
569
239
439
65
452
486
425
27
764
986
363
434
52
673
751
600
942
375
175
14
195
412
588
852
135
273
397
163
543
757
283
59
814
401
604
191
43
957
657
120
848
635
674
60
934
863
674
161
382
168
358
222
857
603
71
47
802
803
350
855
437
362
56
774
127
659
45
533
945
74
728
663
160
401
437
666
703
163
283
811
558
606
686
73
607
940
543
32
423
875
561
343
860
12
635
697
486
755
65
734
692
325
168
482
261
77
476
879
18
953
888
262
107
272
18
250
991
737
987
819
272
351
388
258
726
789
204
789
444
220
586
677
731
125
733
610
777
95
811
108
859
629
77
836
927
424
567
36
131
745
450
102
956
120
752
688
609
258
139
277
400
456
492
594
652
247
754
421
137
668
547
919
503
461
630
481
56
307
993
415
566
463
510
350
765
873
76
354
17
504
23
640
212
121
825
576
19
481
398
928
264
377
968
689
200
575
388
701
389
866
222
701
704
526
584
858
32
679
717
87
43
952
195
430
782
422
932
479
944
751
906
677
131
258
978
271
307
866
866
502
782
592
304
333
299
239
637
179
647
699
826
581
285
201
269
803
989
530
461
48
168
565
675
213
887
592
588
876
684
906
789
427
189
53
858
643
624
103
689
389
569
672
599
575
785
464
830
646
100
391
418
760
140
570
902
28
227
757
773
985
478
585
237
250
820
745
21
312
690
811
195
612
32
500
528
104
537
799
616
865
421
248
511
983
626
603
995
358
360
784
445
825
227
741
981
463
813
77
447
783
474
33
613
950
849
701
11
53
622
869
852
280
15
776
977
316
823
56
677
419
501
590
929
434
558
159
726
841
101
327
391
905
286
886
17
215
155
977
643
267
365
554
927
466
232
836
971
518
502
330
257
691
199
82
521
515
955
343
383
713
352
687
584
29
483
472
624
760
963
85
383
753
241
573
422
95
672
867
191
526
639
32
32
448
623
569
920
387
802
161
799
621
239
361
728
412
548
112
883
580
595
491
800
458
124
330
203
378
326
254
782
120
133
849
971
459
749
854
769
191
649
693
962
277
892
544
62
516
221
793
395
434
371
166
844
363
920
786
915
861
455
357
470
711
392
554
48
375
534
696
66
739
318
376
560
113
531
790
420
574
431
191
48
886
144
590
530
201
860
961
343
32
445
720
137
202
387
604
480
457
559
3
131
49
685
223
379
718
895
955
103
936
590
306
930
907
916
519
725
652
321
30
339
792
659
463
14
538
488
949
336
16
612
475
374
903
438
262
243
522
846
486
895
270
3
730
114
730
498
214
276
310
544
695
938
173
665
222
75
87
505
713
385
146
258
902
945
79
650
366
574
155
988
269
25
277
207
11
870
958
798
89
497
202
538
255
972
253
514
487
783
733
759
830
446
391
76
279
706
688
963
401
360
162
18
38
565
48
297
127
206
865
164
73
894
439
619
197
826
691
291
578
824
332
24
962
247
304
427
29
94
117
317
27
149
386
429
337
289
980
952
487
253
29
544
749
325
646
807
533
101
161
232
725
526
393
683
69
872
607
657
524
975
85
578
617
449
891
819
701
682
346
568
112
638
36
806
753
134
803
244
696
811
100
1000
709
721
183
979
828
969
522
239
301
909
474
606
139
241
763
707
346
702
927
497
254
93
507
951
37
610
940
740
468
814
243
561
31
339
91
841
396
983
174
749
291
779
433
629
475
920
705
814
96
686
493
440
51
551
441
407
238
242
395
640
190
18
433
190
594
10
983
391
363
946
823
430
512
878
770
999
757
570
722
453
844
998
851
254
958
977
671
829
244
702
557
609
719
838
568
56
648
448
79
29
405
87
651
580
432
50
26
320
613
117
515
215
82
545
939
813
361
144
794
854
197
987
18
536
454
751
819
480
807
728
468
706
359
825
650
708
672
795
518
667
77
873
117
768
282
7
888
776
768
980
262
44
29
809
350
672
690
432
175
981
927
252
241
446
748
746
303
491
285
866
906
552
857
699
218
902
253
71
861
987
611
81
556
816
24
276
517
585
923
326
344
36
802
366
805
29
736
842
453
930
686
767
237
152
532
801
379
818
115
311
862
722
687
779
186
962
320
449
459
456
474
519
657
192
301
781
37
337
869
234
397
977
899
222
990
52
875
227
447
321
328
213
66
82
535
786
992
544
90
993
631
24
423
498
843
472
201
901
585
544
800
923
744
128
21
448
49
395
917
442
220
925
721
845
442
363
494
1
509
159
758
104
409
141
409
834
723
444
228
159
210
823
86
511
76
495
45
499
928
55
270
795
482
892
614
142
245
747
774
184
157
430
340
540
690
293
916
76
357
159
287
314
426
189
568
189
458
112
954
772
267
185
303
779
100
337
669
223
903
153
520
802
846
165
544
525
135
425
407
276
928
518
290
46
772
7
219
474
862
194
28
857
149
25
409
482
881
657
264
865
863
301
643
730
871
678
33
758
201
516
10
601
713
370
745
550
482
888
350
814
863
536
547
102
91
822
502
865
739
844
483
871
994
924
80
97
488
155
759
283
948
857
893
42
521
381
489
308
253
87
309
674
644
9
965
52
102
305
322
597
139
474
649
592
645
226
99
795
834
910
418
705
84
24
657
145
437
129
213
964
327
814
607
371
879
26
997
379
539
214
536
538
403
897
635
138
981
684
275
711
754
918
786
488
709
372
671
273
4
805
900
70
221
82
538
845
377
725
820
867
693
345
914
317
899
301
462
450
892
743
859
317
821
800
975
199
777
931
800
421
864
690
483
941
389
814
319
751
2
508
550
623
102
628
898
430
737
939
958
497
985
987
978
910
383
601
506
69
208
391
123
397
842
904
11
240
839
947
288
211
671
514
578
787
654
734
195
305
469
213
852
838
126
370
244
729
651
909
624
223
515
163
708
402
875
624
495
28
304
47
456
515
821
333
565
74
563
469
544
224
35
900
736
703
736
316
728
342
328
696
151
288
441
842
205
841
254
261
367
786
840
220
834
137
77
567
66
156
603
151
361
847
155
116
589
476
559
96
579
447
649
280
764
183
915
353
647
330
550
330
183
670
185
377
613
423
267
449
862
3
148
491
169
779
127
995
583
617
803
304
891
886
413
88
577
104
412
215
502
314
447
755
665
996
626
574
524
645
756
690
568
387
417
359
439
617
175
771
567
483
399
323
676
479
580
299
686
25
390
250
192
400
53
955
277
597
865
138
90
743
825
284
127
505
617
789
589
544
506
216
7
323
919
645
810
739
887
547
969
903
302
174
988
938
204
703
735
869
465
653
504
476
959
503
359
963
826
890
603
871
26
676
653
444
720
609
917
221
613
372
900
78
459
474
971
679
153
710
534
768
401
269
837
922
932
359
320
251
16
108
267
709
630
70
314
68
727
799
776
960
470
767
781
172
140
390
494
666
913
363
762
344
894
241
976
224
291
796
356
372
516
764
569
832
794
718
69
55
885
302
977
214
8
211
383
317
823
840
630
709
374
79
776
436
872
687
552
138
553
826
565
57
407
707
143
362
22
280
634
924
10
426
822
701
925
702
403
998
502
650
333
217
631
452
628
681
378
301
379
603
781
192
733
143
200
252
482
659
443
528
525
574
427
874
211
528
192
535
912
735
587
867
856
307
549
215
706
845
500
273
483
770
241
153
129
17
932
338
229
974
9
155
673
268
351
416
81
509
633
627
680
146
556
194
558
253
24
174
175
459
379
852
936
508
716
154
968
418
846
202
868
321
388
731
772
611
535
228
244
569
489
795
298
732
274
300
521
50
656
552
697
963
143
995
751
196
814
644
840
26
446
740
836
56
220
584
242
285
17
397
293
717
698
62
155
166
76
824
974
738
698
815
505
691
363
163
582
74
62
779
909
172
931
344
286
890
959
242
174
203
191
578
676
590
825
485
524
964
73
640
710
46
415
366
739
857
680
519
539
80
430
777
737
730
439
354
459
348
845
735
543
794
261
190
501
637
774
950
247
228
797
704
747
661
129
430
30
123
34
459
623
793
624
913
765
525
10
885
311
33
764
58
801
646
289
27
171
18
339
250
45
326
446
64
368
314
438
633
620
566
8
595
367
548
905
267
687
422
900
694
528
481
478
623
884
884
756
994
652
312
729
279
915
170
927
687
538
260
743
150
275
39
736
385
534
894
482
825
117
882
555
165
545
507
972
422
742
274
280
451
82
916
211
201
465
892
776
749
680
774
335
881
46
385
731
147
983
409
96
712
353
553
312
147
391
100
967
938
498
187
558
440
230
961
889
487
210
997
18
998
298
681
494
466
294
442
439
653
548
151
641
309
709
159
652
488
393
316
755
720
783
369
55
413
427
661
533
386
867
355
549
794
665
299
433
652
20
579
221
217
131
510
813
620
130
570
731
270
260
190
979
917
398
230
414
881
152
629
639
12
871
720
737
855
726
407
661
994
827
650
909
335
95
664
188
374
120
6
320
749
925
627
972
599
273
393
377
321
48
834
996
942
857
152
421
896
773
329
838
533
655
209
104
709
695
719
920
724
718
478
725
125
421
919
111
822
445
321
990
307
39
464
960
766
818
5
974
519
769
547
332
118
880
7
13
122
183
413
869
99
908
527
161
837
243
919
865
261
143
613
567
150
356
913
427
152
494
55
223
306
873
296
842
927
828
643
423
953
11
520
770
177
865
29
78
835
119
834
378
206
380
833
140
556
456
750
444
130
853
644
521
806
406
227
786
744
126
463
192
776
733
637
852
325
493
236
702
394
638
976
948
388
108
891
652
386
232
934
517
781
884
554
907
674
893
619
48
110
420
295
679
247
675
289
506
643
322
315
530
407
576
584
373
413
289
614
51
649
624
863
903
484
38
872
777
246
969
890
179
301
1000
636
473
426
249
860
369
96
325
895
264
385
132
464
639
645
328
75
136
689
951
21
112
591
977
295
386
624
925
776
270
660
631
784
603
668
214
247
481
185
9
960
363
390
612
988
739
677
932
833
361
661
716
398
673
767
394
720
214
632
271
376
7
228
613
848
266
540
846
864
815
744
751
22
456
438
114
383
2
513
511
875
70
986
355
379
262
284
392
66
865
38
264
191
877
448
470
621
26
391
741
259
496
837
83
444
686
151
642
654
143
924
597
215
205
332
289
936
2
308
356
838
931
96
472
552
828
702
106
521
661
578
378
111
212
550
624
500
44
52
681
518
191
831
890
148
222
522
36
789
833
802
170
401
556
504
268
342
453
32
551
167
389
850
468
127
754
196
629
201
559
629
667
253
896
127
639
845
236
126
482
180
496
719
549
196
879
180
89
343
295
776
762
368
391
417
475
207
317
576
691
735
119
183
752
639
614
451
499
421
604
102
164
663
748
202
118
215
900
340
53
693
489
86
797
979
582
158
928
949
119
350
225
969
135
109
864
309
441
148
758
41
651
947
281
672
654
479
6
966
532
294
958
761
752
463
681
970
843
953
192
770
746
269
228
611
216
677
60
683
203
112
255
363
228
627
458
693
208
402
844
988
464
855
58
804
625
13
342
692
329
804
205
437
876
444
765
45
917
715
74
588
844
676
175
684
762
765
834
16
107
39
4
450
334
236
232
18
503
323
61
984
311
51
922
601
901
317
370
679
934
161
115
640
675
271
357
312
286
526
699
918
997
624
705
107
61
194
162
866
743
708
463
280
560
433
796
378
472
844
693
825
216
898
372
10
994
16
541
53
936
799
702
884
788
891
623
772
709
488
913
140
288
350
329
829
822
592
320
527
991
411
913
917
374
158
715
771
52
722
453
721
865
104
118
891
898
960
970
953
122
526
576
105
740
867
881
949
879
799
625
428
902
2
730
386
900
24
328
374
476
618
522
51
158
800
295
806
829
907
918
367
503
294
782
245
597
399
957
842
145
597
400
429
955
815
486
142
113
630
784
683
273
947
553
680
127
123
664
502
661
741
801
684
871
465
956
36
370
536
267
515
932
473
886
71
292
44
444
505
177
676
389
604
908
822
931
942
991
798
769
501
798
880
447
437
473
473
506
431
634
892
783
160
148
729
678
188
4
888
775
513
711
195
193
69
548
768
322
36
150
902
355
420
514
519
74
542
918
658
753
857
186
595
32
274
696
373
242
802
642
21
652
66
509
119
862
702
910
284
639
337
840
868
58
926
479
431
418
811
282
34
49
333
792
648
465
432
507
708
704
787
385
388
243
999
899
982
78
587
285
995
407
648
625
99
219
413
381
239
338
408
77
165
950
312
784
36
211
606
848
413
788
117
157
656
751
344
369
445
818
868
133
502
364
57
139
996
207
928
629
595
732
793
661
450
83
6
651
128
345
479
724
499
482
442
495
888
902
422
454
738
381
748
398
497
331
334
334
319
647
483
377
791
554
543
820
301
404
334
179
49
789
376
174
972
659
599
787
40
719
718
976
914
242
116
310
605
375
837
498
650
985
890
777
785
154
726
505
299
62
889
785
404
668
818
963
170
377
913
699
659
433
239
459
735
689
492
460
745
559
543
543
632
378
736
663
653
79
278
433
871
965
74
158
492
892
363
909
819
339
346
402
721
523
618
595
849
89
730
582
775
849
737
530
20
982
218
203
306
520
100
267
998
256
450
934
848
599
86
531
37
923
176
980
814
883
117
409
157
597
661
923
662
316
104
983
624
578
344
748
454
931
549
470
53
880
208
771
703
531
793
134
484
754
437
478
8
188
931
639
973
104
612
254
15
547
108
430
260
830
51
966
203
741
858
731
493
708
675
529
225
946
674
32
947
120
873
297
473
362
507
534
848
877
481
117
260
794
642
369
195
553
745
189
824
645
34
589
460
86
452
215
170
10
559
485
855
789
656
710
189
956
606
736
439
455
861
479
139
62
371
752
611
507
460
827
858
879
668
673
595
904
987
479
11
91
208
3
141
774
651
853
80
841
31
146
223
1000
836
202
140
592
6
233
93
539
194
910
633
211
765
226
545
319
715
62
705
133
740
990
749
114
798
765
368
161
370
762
533
653
458
557
696
657
883
872
152
983
506
119
598
846
604
364
633
884
497
616
713
770
549
773
354
181
976
412
275
578
494
546
259
435
688
84
508
395
173
174
269
481
185
645
555
308
910
809
889
124
938
752
812
654
938
635
736
537
649
433
284
67
911
843
984
369
301
574
478
881
459
490
411
263
401
923
313
905
575
320
193
672
359
95
691
309
715
155
229
575
785
77
816
154
547
905
900
264
788
398
521
69
214
401
731
225
414
461
489
787
558
442
317
995
879
592
453
167
948
647
720
664
311
338
92
83
549
4
444
992
246
140
592
270
901
550
810
944
572
226
911
83
527
692
322
870
85
480
182
494
544
284
303
835
464
992
381
800
239
18
719
934
294
612
549
793
164
499
834
338
799
109
907
408
453
48
550
603
430
872
598
43
315
888
959
692
286
951
873
349
863
447
50
924
914
471
893
148
749
294
325
292
847
364
988
144
213
850
835
7
265
524
302
229
325
948
510
99
207
887
554
934
525
731
675
741
947
251
168
448
930
115
260
285
567
160
676
272
435
629
804
879
556
403
133
795
623
580
430
37
309
622
647
740
943
836
336
143
805
613
839
921
83
998
181
641
750
113
848
938
728
98
697
167
114
246
894
856
530
298
766
268
822
283
642
880
50
904
216
85
357
823
120
316
869
210
187
3
683
170
468
792
580
18
247
394
868
769
427
128
394
196
111
568
451
705
259
952
240
845
604
496
328
740
565
665
322
567
379
539
110
93
97
645
688
84
569
970
633
484
177
41
428
310
198
127
477
697
358
239
76
688
387
931
161
507
163
65
940
779
83
632
320
494
434
287
84
245
423
681
591
844
124
383
929
834
316
977
113
342
186
593
489
83
415
66
499
658
31
354
509
391
930
164
480
466
193
803
86
493
761
377
307
814
612
21
686
850
545
750
425
996
104
603
460
494
495
666
136
961
373
912
867
646
34
330
68
386
127
893
15
240
150
771
880
567
971
522
55
769
101
367
427
375
330
165
146
950
741
558
397
669
984
481
670
887
385
696
736
493
889
938
295
967
263
971
715
104
296
79
274
133
513
281
197
440
868
590
486
590
157
664
155
211
442
340
8
515
38
842
112
462
53
523
815
755
217
885
773
505
236
203
287
48
788
332
495
335
603
881
289
986
929
345
219
441
141
756
237
709
178
703
142
612
208
930
510
662
109
79
368
312
21
948
655
75
948
856
11
386
630
708
990
917
633
445
826
613
445
230
62
225
326
342
906
880
70
220
287
138
851
319
100
13
811
343
939
75
634
123
599
621
371
873
167
414
454
402
342
333
745
897
483
8
48
130
636
539
861
228
922
773
672
193
996
313
743
1
687
454
169
920
534
927
351
476
443
392
901
72
711
490
109
243
932
460
222
913
691
787
734
105
245
937
761
780
514
36
766
892
465
597
657
69
480
102
726
849
76
750
329
559
131
29
354
123
4
754
699
532
975
467
759
626
530
495
526
133
330
801
287
490
357
670
365
129
32
350
494
1000
572
790
704
4
752
996
583
121
300
761
815
750
553
432
85
581
664
500
107
430
993
855
222
312
601
408
3
289
268
521
595
133
764
471
727
779
389
787
442
969
930
385
354
619
186
171
406
741
595
127
222
819
483
876
827
68
926
296
975
252
141
603
65
30
405
715
142
725
661
257
877
181
487
871
266
644
901
958
575
94
599
235
82
982
989
457
2
683
869
764
938
260
973
607
108
993
387
668
579
369
803
704
150
481
569
853
794
805
31
817
160
114
703
383
350
31
808
978
370
590
904
556
492
794
874
730
908
472
99
893
727
272
340
691
928
139
148
788
820
143
564
503
587
377
564
861
930
454
191
376
839
934
389
163
271
265
712
445
270
344
836
46
124
360
664
557
774
663
751
149
283
147
849
451
659
673
719
46
507
520
820
205
665
221
509
751
451
680
235
560
178
715
185
884
603
186
719
502
352
319
249
280
751
385
496
971
545
850
871
973
827
852
734
806
346
964
428
457
202
787
209
351
480
428
824
927
253
657
147
889
1
621
905
19
122
868
491
122
580
799
782
260
358
20
342
935
337
678
1000
596
130
748
469
114
160
514
191
225
706
792
898
227
481
630
133
955
315
506
551
842
787
947
981
789
619
885
313
787
904
385
221
578
460
105
537
347
118
856
228
76
169
205
642
916
280
337
252
268
790
571
461
103
61
622
771
240
482
34
122
663
235
535
405
707
565
306
508
503
181
533
204
13
112
415
941
518
489
810
455
492
842
779
947
335
105
113
444
357
284
784
846
524
201
984
578
588
487
157
368
7
685
969
546
133
764
936
912
785
827
959
846
582
737
258
924
649
775
441
732
566
1000
811
30
629
145
376
531
25
873
610
387
671
913
582
990
631
47
536
455
734
148
277
320
808
157
187
483
104
662
500
984
759
630
452
446
408
17
581
92
562
215
281
821
281
728
212
117
793
802
180
898
305
1
412
52
350
903
284
5
141
244
461
215
334
353
179
254
288
522
292
586
754
822
382
780
649
592
331
340
118
302
82
801
213
567
435
488
535
208
929
425
494
642
177
968
746
648
347
404
502
300
585
92
832
252
961
676
857
415
767
923
950
871
560
718
498
882
481
542
802
840
824
872
338
440
915
211
35
929
929
921
696
716
937
253
207
981
710
179
994
265
241
685
93
106
540
717
224
683
322
497
998
666
848
560
927
957
453
800
971
204
672
137
25
963
461
333
764
228
670
782
331
771
462
56
724
466
244
370
972
290
716
830
580
366
906
415
52
675
476
675
37
149
551
657
610
424
571
452
811
348
49
223
54
584
558
969
758
915
270
36
903
586
431
860
477
149
455
560
844
747
16
400
449
416
760
114
838
709
971
143
689
475
159
474
181
515
747
333
347
674
89
774
259
435
806
878
545
110
378
276
738
579
806
731
396
290
962
225
982
932
335
686
178
740
881
937
81
338
125
960
786
843
50
396
23
435
341
490
857
998
842
907
746
977
46
483
130
905
175
830
523
659
5
562
421
221
42
994
632
518
711
108
165
314
415
657
758
919
518
485
883
162
17
922
239
95
398
163
992
679
897
214
539
501
529
214
340
257
763
232
680
342
659
404
885
733
20
175
86
138
931
231
807
309
684
601
230
102
384
567
951
248
947
652
131
969
148
354
183
295
494
427
907
464
780
802
829
379
961
204
143
911
342
509
226
288
46
186
894
540
126
418
901
202
188
202
155
936
15
564
322
187
318
605
849
374
327
910
5
704
909
936
167
558
448
568
674
601
38
647
231
468
214
758
159
985
313
401
105
400
14
477
811
3
685
90
87
212
323
285
229
843
170
424
694
533
565
76
557
855
662
962
123
147
364
254
437
320
440
685
63
76
765
720
193
982
561
264
690
122
330
9
143
453
822
972
862
259
786
409
286
835
730
214
569
516
45
548
361
261
48
378
85
612
403
739
28
211
833
434
150
659
92
213
652
940
848
783
859
148
902
826
11
58
228
383
846
673
680
493
253
494
778
855
408
815
125
773
232
81
160
559
55
111
580
888
635
691
673
873
346
32
629
72
894
995
530
142
574
942
882
964
548
581
777
754
15
616
300
371
947
794
415
340
633
984
674
334
938
239
237
546
49
812
613
94
460
908
57
9
825
685
489
278
899
482
755
333
56
649
668
452
990
306
765
965
194
397
282
857
374
699
52
286
453
133
602
84
843
698
316
419
19
198
653
763
313
923
236
733
574
787
612
547
166
798
36
352
766
769
721
839
444
529
534
102
544
342
91
997
398
240
734
99
723
559
842
137
380
474
729
285
155
578
667
49
117
431
562
47
496
518
273
273
435
356
76
729
508
643
565
725
749
246
570
243
272
203
296
8
864
640
525
994
565
119
986
512
391
817
133
216
332
216
423
963
249
138
106
196
997
289
570
894
378
459
965
503
122
719
152
763
417
131
319
188
348
679
127
348
830
237
856
723
521
803
761
818
677
362
182
858
708
470
616
225
918
516
13
333
675
602
72
608
587
906
792
921
194
300
788
942
594
13
10
459
644
541
23
813
996
949
8
351
607
400
35
141
105
399
865
256
952
168
675
872
986
444
50
334
354
490
609
308
869
202
864
486
434
266
294
826
236
556
637
631
177
566
839
22
665
286
258
78
747
5
658
881
482
798
43
904
117
206
136
55
669
100
202
325
750
562
788
402
451
388
601
261
44
942
7
689
546
914
729
983
694
663
436
298
768
477
857
760
979
5
823
760
892
663
122
978
405
350
336
21
88
464
602
342
898
158
441
286
997
4
59
555
232
838
444
782
175
955
749
818
991
866
773
648
828
736
945
580
46
679
677
275
264
33
991
527
131
684
802
960
818
867
192
421
477
598
759
609
84
784
353
422
112
915
339
115
659
923
220
707
711
326
681
223
146
217
336
489
534
446
898
800
579
965
370
906
291
160
559
549
126
680
71
732
44
773
326
17
461
811
344
450
801
760
478
977
919
271
447
998
507
277
724
512
477
967
970
603
275
679
832
91
32
675
764
267
267
556
474
906
736
990
707
27
486
838
660
797
721
6
904
447
875
44
705
674
881
626
365
187
596
625
462
873
835
887
907
136
190
520
707
256
90
91
579
953
82
114
829
868
80
732
862
700
170
157
893
834
434
378
276
176
743
123
325
274
944
858
514
823
299
635
113
654
158
516
14
242
983
381
306
68
83
518
152
768
15
819
806
561
207
463
201
56
254
56
147
335
